creacion: 149.884;./datasets/SuffixArchivos/Mezcla//1000.txt;resink;0;0;
./datasets/SuffixArchivos/Mezcla//1000_2.txt;resink;0;0;
./datasets/SuffixArchivos/Mezcla//1000_3.txt;resink;0;0;
./datasets/SuffixArchivos/Mezcla//1000_4.txt;resink;0;0;
./datasets/SuffixArchivos/Mezcla//1000_5.txt;resink;0;0;
./datasets/SuffixArchivos/Mezcla//1000_6.txt;resink;0;0;
./datasets/SuffixArchivos/Mezcla//200.txt;resink;0;0;
./datasets/SuffixArchivos/Mezcla//200_2.txt;resink;0;0;
./datasets/SuffixArchivos/Mezcla//500.txt;resink;0;0;
./datasets/SuffixArchivos/Mezcla//500_2.txt;resink;0;0;
./datasets/SuffixArchivos/Mezcla//1000.txt;transversomedial;0;0;
./datasets/SuffixArchivos/Mezcla//1000_2.txt;transversomedial;0;0;
./datasets/SuffixArchivos/Mezcla//1000_3.txt;transversomedial;0;0;
./datasets/SuffixArchivos/Mezcla//1000_4.txt;transversomedial;0;0;
./datasets/SuffixArchivos/Mezcla//1000_5.txt;transversomedial;0;0;
./datasets/SuffixArchivos/Mezcla//1000_6.txt;transversomedial;0;0;
./datasets/SuffixArchivos/Mezcla//200.txt;transversomedial;0;0;
./datasets/SuffixArchivos/Mezcla//200_2.txt;transversomedial;0;0;
./datasets/SuffixArchivos/Mezcla//500.txt;transversomedial;0;0;
./datasets/SuffixArchivos/Mezcla//500_2.txt;transversomedial;0;0;
./datasets/SuffixArchivos/Mezcla//1000.txt;pharyngopathy;0;0;
./datasets/SuffixArchivos/Mezcla//1000_2.txt;pharyngopathy;0;0;
./datasets/SuffixArchivos/Mezcla//1000_3.txt;pharyngopathy;0;0;
./datasets/SuffixArchivos/Mezcla//1000_4.txt;pharyngopathy;0;0;
./datasets/SuffixArchivos/Mezcla//1000_5.txt;pharyngopathy;0;0;
./datasets/SuffixArchivos/Mezcla//1000_6.txt;pharyngopathy;0;0;
./datasets/SuffixArchivos/Mezcla//200.txt;pharyngopathy;0;0;
./datasets/SuffixArchivos/Mezcla//200_2.txt;pharyngopathy;0;0;
./datasets/SuffixArchivos/Mezcla//500.txt;pharyngopathy;0;0;
./datasets/SuffixArchivos/Mezcla//500_2.txt;pharyngopathy;0;0;
./datasets/SuffixArchivos/Mezcla//1000.txt;postmineral;0;0;
./datasets/SuffixArchivos/Mezcla//1000_2.txt;postmineral;0;0;
./datasets/SuffixArchivos/Mezcla//1000_3.txt;postmineral;0;0;
./datasets/SuffixArchivos/Mezcla//1000_4.txt;postmineral;0;0;
./datasets/SuffixArchivos/Mezcla//1000_5.txt;postmineral;0;0;
./datasets/SuffixArchivos/Mezcla//1000_6.txt;postmineral;0;0;
./datasets/SuffixArchivos/Mezcla//200.txt;postmineral;0;0;
./datasets/SuffixArchivos/Mezcla//200_2.txt;postmineral;0;0;
./datasets/SuffixArchivos/Mezcla//500.txt;postmineral;0;0;
./datasets/SuffixArchivos/Mezcla//500_2.txt;postmineral;0;0;
./datasets/SuffixArchivos/Mezcla//1000.txt;myelosyphilis;0;0;
./datasets/SuffixArchivos/Mezcla//1000_2.txt;myelosyphilis;0;0;
./datasets/SuffixArchivos/Mezcla//1000_3.txt;myelosyphilis;0;0;
./datasets/SuffixArchivos/Mezcla//1000_4.txt;myelosyphilis;0;0;
./datasets/SuffixArchivos/Mezcla//1000_5.txt;myelosyphilis;0;0;
./datasets/SuffixArchivos/Mezcla//1000_6.txt;myelosyphilis;0;0;
./datasets/SuffixArchivos/Mezcla//200.txt;myelosyphilis;0;0;
./datasets/SuffixArchivos/Mezcla//200_2.txt;myelosyphilis;0;0;
./datasets/SuffixArchivos/Mezcla//500.txt;myelosyphilis;0;0;
./datasets/SuffixArchivos/Mezcla//500_2.txt;myelosyphilis;0;0;
./datasets/SuffixArchivos/Mezcla//1000.txt;silverer;0;0;
./datasets/SuffixArchivos/Mezcla//1000_2.txt;silverer;0;0;
./datasets/SuffixArchivos/Mezcla//1000_3.txt;silverer;0;0;
./datasets/SuffixArchivos/Mezcla//1000_4.txt;silverer;0;0;
./datasets/SuffixArchivos/Mezcla//1000_5.txt;silverer;0;0;
./datasets/SuffixArchivos/Mezcla//1000_6.txt;silverer;0;0;
./datasets/SuffixArchivos/Mezcla//200.txt;silverer;0;0;
./datasets/SuffixArchivos/Mezcla//200_2.txt;silverer;0;0;
./datasets/SuffixArchivos/Mezcla//500.txt;silverer;0;0;
./datasets/SuffixArchivos/Mezcla//500_2.txt;silverer;0;0;
./datasets/SuffixArchivos/Mezcla//1000.txt;evincement;0;0.001;
./datasets/SuffixArchivos/Mezcla//1000_2.txt;evincement;0;0.001;
./datasets/SuffixArchivos/Mezcla//1000_3.txt;evincement;0;0.001;
./datasets/SuffixArchivos/Mezcla//1000_4.txt;evincement;0;0.001;
./datasets/SuffixArchivos/Mezcla//1000_5.txt;evincement;0;0.001;
./datasets/SuffixArchivos/Mezcla//1000_6.txt;evincement;0;0.001;
./datasets/SuffixArchivos/Mezcla//200.txt;evincement;0;0.001;
./datasets/SuffixArchivos/Mezcla//200_2.txt;evincement;0;0.001;
./datasets/SuffixArchivos/Mezcla//500.txt;evincement;0;0.001;
./datasets/SuffixArchivos/Mezcla//500_2.txt;evincement;0;0.001;
./datasets/SuffixArchivos/Mezcla//1000.txt;phrygium;0;0;
./datasets/SuffixArchivos/Mezcla//1000_2.txt;phrygium;0;0;
./datasets/SuffixArchivos/Mezcla//1000_3.txt;phrygium;0;0;
./datasets/SuffixArchivos/Mezcla//1000_4.txt;phrygium;0;0;
./datasets/SuffixArchivos/Mezcla//1000_5.txt;phrygium;0;0;
./datasets/SuffixArchivos/Mezcla//1000_6.txt;phrygium;0;0;
./datasets/SuffixArchivos/Mezcla//200.txt;phrygium;0;0;
./datasets/SuffixArchivos/Mezcla//200_2.txt;phrygium;0;0;
./datasets/SuffixArchivos/Mezcla//500.txt;phrygium;0;0;
./datasets/SuffixArchivos/Mezcla//500_2.txt;phrygium;0;0;
./datasets/SuffixArchivos/Mezcla//1000.txt;punnigram;0;0.001;
./datasets/SuffixArchivos/Mezcla//1000_2.txt;punnigram;0;0.001;
./datasets/SuffixArchivos/Mezcla//1000_3.txt;punnigram;0;0.001;
./datasets/SuffixArchivos/Mezcla//1000_4.txt;punnigram;0;0.001;
./datasets/SuffixArchivos/Mezcla//1000_5.txt;punnigram;0;0.001;
./datasets/SuffixArchivos/Mezcla//1000_6.txt;punnigram;0;0.001;
./datasets/SuffixArchivos/Mezcla//200.txt;punnigram;0;0.001;
./datasets/SuffixArchivos/Mezcla//200_2.txt;punnigram;0;0.001;
./datasets/SuffixArchivos/Mezcla//500.txt;punnigram;0;0.001;
./datasets/SuffixArchivos/Mezcla//500_2.txt;punnigram;0;0.001;
./datasets/SuffixArchivos/Mezcla//1000.txt;imminution;0;0;
./datasets/SuffixArchivos/Mezcla//1000_2.txt;imminution;0;0;
./datasets/SuffixArchivos/Mezcla//1000_3.txt;imminution;0;0;
./datasets/SuffixArchivos/Mezcla//1000_4.txt;imminution;0;0;
./datasets/SuffixArchivos/Mezcla//1000_5.txt;imminution;0;0;
./datasets/SuffixArchivos/Mezcla//1000_6.txt;imminution;0;0;
./datasets/SuffixArchivos/Mezcla//200.txt;imminution;0;0;
./datasets/SuffixArchivos/Mezcla//200_2.txt;imminution;0;0;
./datasets/SuffixArchivos/Mezcla//500.txt;imminution;0;0;
./datasets/SuffixArchivos/Mezcla//500_2.txt;imminution;0;0;
./datasets/SuffixArchivos/Mezcla//1000.txt;environmental;0;0.000998;
./datasets/SuffixArchivos/Mezcla//1000_2.txt;environmental;0;0.000998;
./datasets/SuffixArchivos/Mezcla//1000_3.txt;environmental;0;0.000998;
./datasets/SuffixArchivos/Mezcla//1000_4.txt;environmental;0;0.000998;
./datasets/SuffixArchivos/Mezcla//1000_5.txt;environmental;0;0.000998;
./datasets/SuffixArchivos/Mezcla//1000_6.txt;environmental;0;0.000998;
./datasets/SuffixArchivos/Mezcla//200.txt;environmental;0;0.000998;
./datasets/SuffixArchivos/Mezcla//200_2.txt;environmental;0;0.000998;
./datasets/SuffixArchivos/Mezcla//500.txt;environmental;0;0.000998;
./datasets/SuffixArchivos/Mezcla//500_2.txt;environmental;0;0.000998;
./datasets/SuffixArchivos/Mezcla//1000.txt;sleepify;0;0;
./datasets/SuffixArchivos/Mezcla//1000_2.txt;sleepify;0;0;
./datasets/SuffixArchivos/Mezcla//1000_3.txt;sleepify;0;0;
./datasets/SuffixArchivos/Mezcla//1000_4.txt;sleepify;0;0;
./datasets/SuffixArchivos/Mezcla//1000_5.txt;sleepify;0;0;
./datasets/SuffixArchivos/Mezcla//1000_6.txt;sleepify;0;0;
./datasets/SuffixArchivos/Mezcla//200.txt;sleepify;0;0;
./datasets/SuffixArchivos/Mezcla//200_2.txt;sleepify;0;0;
./datasets/SuffixArchivos/Mezcla//500.txt;sleepify;0;0;
./datasets/SuffixArchivos/Mezcla//500_2.txt;sleepify;0;0;
./datasets/SuffixArchivos/Mezcla//1000.txt;nope;0;0;
./datasets/SuffixArchivos/Mezcla//1000_2.txt;nope;0;0;
./datasets/SuffixArchivos/Mezcla//1000_3.txt;nope;0;0;
./datasets/SuffixArchivos/Mezcla//1000_4.txt;nope;0;0;
./datasets/SuffixArchivos/Mezcla//1000_5.txt;nope;0;0;
./datasets/SuffixArchivos/Mezcla//1000_6.txt;nope;0;0;
./datasets/SuffixArchivos/Mezcla//200.txt;nope;0;0;
./datasets/SuffixArchivos/Mezcla//200_2.txt;nope;0;0;
./datasets/SuffixArchivos/Mezcla//500.txt;nope;0;0;
./datasets/SuffixArchivos/Mezcla//500_2.txt;nope;0;0;
./datasets/SuffixArchivos/Mezcla//1000.txt;wauken;0;0;
./datasets/SuffixArchivos/Mezcla//1000_2.txt;wauken;0;0;
./datasets/SuffixArchivos/Mezcla//1000_3.txt;wauken;0;0;
./datasets/SuffixArchivos/Mezcla//1000_4.txt;wauken;0;0;
./datasets/SuffixArchivos/Mezcla//1000_5.txt;wauken;0;0;
./datasets/SuffixArchivos/Mezcla//1000_6.txt;wauken;0;0;
./datasets/SuffixArchivos/Mezcla//200.txt;wauken;0;0;
./datasets/SuffixArchivos/Mezcla//200_2.txt;wauken;0;0;
./datasets/SuffixArchivos/Mezcla//500.txt;wauken;0;0;
./datasets/SuffixArchivos/Mezcla//500_2.txt;wauken;0;0;
./datasets/SuffixArchivos/Mezcla//1000.txt;indignance;0;0;
./datasets/SuffixArchivos/Mezcla//1000_2.txt;indignance;0;0;
./datasets/SuffixArchivos/Mezcla//1000_3.txt;indignance;0;0;
./datasets/SuffixArchivos/Mezcla//1000_4.txt;indignance;0;0;
./datasets/SuffixArchivos/Mezcla//1000_5.txt;indignance;0;0;
./datasets/SuffixArchivos/Mezcla//1000_6.txt;indignance;0;0;
./datasets/SuffixArchivos/Mezcla//200.txt;indignance;0;0;
./datasets/SuffixArchivos/Mezcla//200_2.txt;indignance;0;0;
./datasets/SuffixArchivos/Mezcla//500.txt;indignance;0;0;
./datasets/SuffixArchivos/Mezcla//500_2.txt;indignance;0;0;
./datasets/SuffixArchivos/Mezcla//1000.txt;knotwort;0;0.000999;
./datasets/SuffixArchivos/Mezcla//1000_2.txt;knotwort;0;0.000999;
./datasets/SuffixArchivos/Mezcla//1000_3.txt;knotwort;0;0.000999;
./datasets/SuffixArchivos/Mezcla//1000_4.txt;knotwort;0;0.000999;
./datasets/SuffixArchivos/Mezcla//1000_5.txt;knotwort;0;0.000999;
./datasets/SuffixArchivos/Mezcla//1000_6.txt;knotwort;0;0.000999;
./datasets/SuffixArchivos/Mezcla//200.txt;knotwort;0;0.000999;
./datasets/SuffixArchivos/Mezcla//200_2.txt;knotwort;0;0.000999;
./datasets/SuffixArchivos/Mezcla//500.txt;knotwort;0;0.000999;
./datasets/SuffixArchivos/Mezcla//500_2.txt;knotwort;0;0.000999;
./datasets/SuffixArchivos/Mezcla//1000.txt;apocodeine;0;0;
./datasets/SuffixArchivos/Mezcla//1000_2.txt;apocodeine;0;0;
./datasets/SuffixArchivos/Mezcla//1000_3.txt;apocodeine;0;0;
./datasets/SuffixArchivos/Mezcla//1000_4.txt;apocodeine;0;0;
./datasets/SuffixArchivos/Mezcla//1000_5.txt;apocodeine;0;0;
./datasets/SuffixArchivos/Mezcla//1000_6.txt;apocodeine;0;0;
./datasets/SuffixArchivos/Mezcla//200.txt;apocodeine;0;0;
./datasets/SuffixArchivos/Mezcla//200_2.txt;apocodeine;0;0;
./datasets/SuffixArchivos/Mezcla//500.txt;apocodeine;0;0;
./datasets/SuffixArchivos/Mezcla//500_2.txt;apocodeine;0;0;
./datasets/SuffixArchivos/Mezcla//1000.txt;escortee;0;0.001;
./datasets/SuffixArchivos/Mezcla//1000_2.txt;escortee;0;0.001;
./datasets/SuffixArchivos/Mezcla//1000_3.txt;escortee;0;0.001;
./datasets/SuffixArchivos/Mezcla//1000_4.txt;escortee;0;0.001;
./datasets/SuffixArchivos/Mezcla//1000_5.txt;escortee;0;0.001;
./datasets/SuffixArchivos/Mezcla//1000_6.txt;escortee;0;0.001;
./datasets/SuffixArchivos/Mezcla//200.txt;escortee;0;0.001;
./datasets/SuffixArchivos/Mezcla//200_2.txt;escortee;0;0.001;
./datasets/SuffixArchivos/Mezcla//500.txt;escortee;0;0.001;
./datasets/SuffixArchivos/Mezcla//500_2.txt;escortee;0;0.001;
./datasets/SuffixArchivos/Mezcla//1000.txt;dogwatch;0;0;
./datasets/SuffixArchivos/Mezcla//1000_2.txt;dogwatch;0;0;
./datasets/SuffixArchivos/Mezcla//1000_3.txt;dogwatch;0;0;
./datasets/SuffixArchivos/Mezcla//1000_4.txt;dogwatch;0;0;
./datasets/SuffixArchivos/Mezcla//1000_5.txt;dogwatch;0;0;
./datasets/SuffixArchivos/Mezcla//1000_6.txt;dogwatch;0;0;
./datasets/SuffixArchivos/Mezcla//200.txt;dogwatch;0;0;
./datasets/SuffixArchivos/Mezcla//200_2.txt;dogwatch;0;0;
./datasets/SuffixArchivos/Mezcla//500.txt;dogwatch;0;0;
./datasets/SuffixArchivos/Mezcla//500_2.txt;dogwatch;0;0;
./datasets/SuffixArchivos/Mezcla//1000.txt;eaglewood;0;0;
./datasets/SuffixArchivos/Mezcla//1000_2.txt;eaglewood;0;0;
./datasets/SuffixArchivos/Mezcla//1000_3.txt;eaglewood;0;0;
./datasets/SuffixArchivos/Mezcla//1000_4.txt;eaglewood;0;0;
./datasets/SuffixArchivos/Mezcla//1000_5.txt;eaglewood;0;0;
./datasets/SuffixArchivos/Mezcla//1000_6.txt;eaglewood;0;0;
./datasets/SuffixArchivos/Mezcla//200.txt;eaglewood;0;0;
./datasets/SuffixArchivos/Mezcla//200_2.txt;eaglewood;0;0;
./datasets/SuffixArchivos/Mezcla//500.txt;eaglewood;0;0;
./datasets/SuffixArchivos/Mezcla//500_2.txt;eaglewood;0;0;
./datasets/SuffixArchivos/Mezcla//1000.txt;unbrotherliness;0;0;
./datasets/SuffixArchivos/Mezcla//1000_2.txt;unbrotherliness;0;0;
./datasets/SuffixArchivos/Mezcla//1000_3.txt;unbrotherliness;0;0;
./datasets/SuffixArchivos/Mezcla//1000_4.txt;unbrotherliness;0;0;
./datasets/SuffixArchivos/Mezcla//1000_5.txt;unbrotherliness;0;0;
./datasets/SuffixArchivos/Mezcla//1000_6.txt;unbrotherliness;0;0;
./datasets/SuffixArchivos/Mezcla//200.txt;unbrotherliness;0;0;
./datasets/SuffixArchivos/Mezcla//200_2.txt;unbrotherliness;0;0;
./datasets/SuffixArchivos/Mezcla//500.txt;unbrotherliness;0;0;
./datasets/SuffixArchivos/Mezcla//500_2.txt;unbrotherliness;0;0;
./datasets/SuffixArchivos/Mezcla//1000.txt;mulse;0;0;
./datasets/SuffixArchivos/Mezcla//1000_2.txt;mulse;0;0;
./datasets/SuffixArchivos/Mezcla//1000_3.txt;mulse;0;0;
./datasets/SuffixArchivos/Mezcla//1000_4.txt;mulse;0;0;
./datasets/SuffixArchivos/Mezcla//1000_5.txt;mulse;0;0;
./datasets/SuffixArchivos/Mezcla//1000_6.txt;mulse;0;0;
./datasets/SuffixArchivos/Mezcla//200.txt;mulse;0;0;
./datasets/SuffixArchivos/Mezcla//200_2.txt;mulse;0;0;
./datasets/SuffixArchivos/Mezcla//500.txt;mulse;0;0;
./datasets/SuffixArchivos/Mezcla//500_2.txt;mulse;0;0;
./datasets/SuffixArchivos/Mezcla//1000.txt;dermobranchiata;0;0;
./datasets/SuffixArchivos/Mezcla//1000_2.txt;dermobranchiata;0;0;
./datasets/SuffixArchivos/Mezcla//1000_3.txt;dermobranchiata;0;0;
./datasets/SuffixArchivos/Mezcla//1000_4.txt;dermobranchiata;0;0;
./datasets/SuffixArchivos/Mezcla//1000_5.txt;dermobranchiata;0;0;
./datasets/SuffixArchivos/Mezcla//1000_6.txt;dermobranchiata;0;0;
./datasets/SuffixArchivos/Mezcla//200.txt;dermobranchiata;0;0;
./datasets/SuffixArchivos/Mezcla//200_2.txt;dermobranchiata;0;0;
./datasets/SuffixArchivos/Mezcla//500.txt;dermobranchiata;0;0;
./datasets/SuffixArchivos/Mezcla//500_2.txt;dermobranchiata;0;0;
./datasets/SuffixArchivos/Mezcla//1000.txt;typhic;0;0;
./datasets/SuffixArchivos/Mezcla//1000_2.txt;typhic;0;0;
./datasets/SuffixArchivos/Mezcla//1000_3.txt;typhic;0;0;
./datasets/SuffixArchivos/Mezcla//1000_4.txt;typhic;0;0;
./datasets/SuffixArchivos/Mezcla//1000_5.txt;typhic;0;0;
./datasets/SuffixArchivos/Mezcla//1000_6.txt;typhic;0;0;
./datasets/SuffixArchivos/Mezcla//200.txt;typhic;0;0;
./datasets/SuffixArchivos/Mezcla//200_2.txt;typhic;0;0;
./datasets/SuffixArchivos/Mezcla//500.txt;typhic;0;0;
./datasets/SuffixArchivos/Mezcla//500_2.txt;typhic;0;0;
./datasets/SuffixArchivos/Mezcla//1000.txt;poststertorous;0;0;
./datasets/SuffixArchivos/Mezcla//1000_2.txt;poststertorous;0;0;
./datasets/SuffixArchivos/Mezcla//1000_3.txt;poststertorous;0;0;
./datasets/SuffixArchivos/Mezcla//1000_4.txt;poststertorous;0;0;
./datasets/SuffixArchivos/Mezcla//1000_5.txt;poststertorous;0;0;
./datasets/SuffixArchivos/Mezcla//1000_6.txt;poststertorous;0;0;
./datasets/SuffixArchivos/Mezcla//200.txt;poststertorous;0;0;
./datasets/SuffixArchivos/Mezcla//200_2.txt;poststertorous;0;0;
./datasets/SuffixArchivos/Mezcla//500.txt;poststertorous;0;0;
./datasets/SuffixArchivos/Mezcla//500_2.txt;poststertorous;0;0;
./datasets/SuffixArchivos/Mezcla//1000.txt;indevout;0;0;
./datasets/SuffixArchivos/Mezcla//1000_2.txt;indevout;0;0;
./datasets/SuffixArchivos/Mezcla//1000_3.txt;indevout;0;0;
./datasets/SuffixArchivos/Mezcla//1000_4.txt;indevout;0;0;
./datasets/SuffixArchivos/Mezcla//1000_5.txt;indevout;0;0;
./datasets/SuffixArchivos/Mezcla//1000_6.txt;indevout;0;0;
./datasets/SuffixArchivos/Mezcla//200.txt;indevout;0;0;
./datasets/SuffixArchivos/Mezcla//200_2.txt;indevout;0;0;
./datasets/SuffixArchivos/Mezcla//500.txt;indevout;0;0;
./datasets/SuffixArchivos/Mezcla//500_2.txt;indevout;0;0;
./datasets/SuffixArchivos/Mezcla//1000.txt;anatomicopathologic;0;0;
./datasets/SuffixArchivos/Mezcla//1000_2.txt;anatomicopathologic;0;0;
./datasets/SuffixArchivos/Mezcla//1000_3.txt;anatomicopathologic;0;0;
./datasets/SuffixArchivos/Mezcla//1000_4.txt;anatomicopathologic;0;0;
./datasets/SuffixArchivos/Mezcla//1000_5.txt;anatomicopathologic;0;0;
./datasets/SuffixArchivos/Mezcla//1000_6.txt;anatomicopathologic;0;0;
./datasets/SuffixArchivos/Mezcla//200.txt;anatomicopathologic;0;0;
./datasets/SuffixArchivos/Mezcla//200_2.txt;anatomicopathologic;0;0;
./datasets/SuffixArchivos/Mezcla//500.txt;anatomicopathologic;0;0;
./datasets/SuffixArchivos/Mezcla//500_2.txt;anatomicopathologic;0;0;
./datasets/SuffixArchivos/Mezcla//1000.txt;unimpenetrable;0;0;
./datasets/SuffixArchivos/Mezcla//1000_2.txt;unimpenetrable;0;0;
./datasets/SuffixArchivos/Mezcla//1000_3.txt;unimpenetrable;0;0;
./datasets/SuffixArchivos/Mezcla//1000_4.txt;unimpenetrable;0;0;
./datasets/SuffixArchivos/Mezcla//1000_5.txt;unimpenetrable;0;0;
./datasets/SuffixArchivos/Mezcla//1000_6.txt;unimpenetrable;0;0;
./datasets/SuffixArchivos/Mezcla//200.txt;unimpenetrable;0;0;
./datasets/SuffixArchivos/Mezcla//200_2.txt;unimpenetrable;0;0;
./datasets/SuffixArchivos/Mezcla//500.txt;unimpenetrable;0;0;
./datasets/SuffixArchivos/Mezcla//500_2.txt;unimpenetrable;0;0;
./datasets/SuffixArchivos/Mezcla//1000.txt;hoggy;0;0.000999;
./datasets/SuffixArchivos/Mezcla//1000_2.txt;hoggy;0;0.000999;
./datasets/SuffixArchivos/Mezcla//1000_3.txt;hoggy;0;0.000999;
./datasets/SuffixArchivos/Mezcla//1000_4.txt;hoggy;0;0.000999;
./datasets/SuffixArchivos/Mezcla//1000_5.txt;hoggy;0;0.000999;
./datasets/SuffixArchivos/Mezcla//1000_6.txt;hoggy;0;0.000999;
./datasets/SuffixArchivos/Mezcla//200.txt;hoggy;0;0.000999;
./datasets/SuffixArchivos/Mezcla//200_2.txt;hoggy;0;0.000999;
./datasets/SuffixArchivos/Mezcla//500.txt;hoggy;0;0.000999;
./datasets/SuffixArchivos/Mezcla//500_2.txt;hoggy;0;0.000999;
./datasets/SuffixArchivos/Mezcla//1000.txt;urrhodin;0;0;
./datasets/SuffixArchivos/Mezcla//1000_2.txt;urrhodin;0;0;
./datasets/SuffixArchivos/Mezcla//1000_3.txt;urrhodin;0;0;
./datasets/SuffixArchivos/Mezcla//1000_4.txt;urrhodin;0;0;
./datasets/SuffixArchivos/Mezcla//1000_5.txt;urrhodin;0;0;
./datasets/SuffixArchivos/Mezcla//1000_6.txt;urrhodin;0;0;
./datasets/SuffixArchivos/Mezcla//200.txt;urrhodin;0;0;
./datasets/SuffixArchivos/Mezcla//200_2.txt;urrhodin;0;0;
./datasets/SuffixArchivos/Mezcla//500.txt;urrhodin;0;0;
./datasets/SuffixArchivos/Mezcla//500_2.txt;urrhodin;0;0;
./datasets/SuffixArchivos/Mezcla//1000.txt;Dioecia;0;0.001;
./datasets/SuffixArchivos/Mezcla//1000_2.txt;Dioecia;0;0.001;
./datasets/SuffixArchivos/Mezcla//1000_3.txt;Dioecia;0;0.001;
./datasets/SuffixArchivos/Mezcla//1000_4.txt;Dioecia;0;0.001;
./datasets/SuffixArchivos/Mezcla//1000_5.txt;Dioecia;0;0.001;
./datasets/SuffixArchivos/Mezcla//1000_6.txt;Dioecia;0;0.001;
./datasets/SuffixArchivos/Mezcla//200.txt;Dioecia;0;0.001;
./datasets/SuffixArchivos/Mezcla//200_2.txt;Dioecia;0;0.001;
./datasets/SuffixArchivos/Mezcla//500.txt;Dioecia;0;0.001;
./datasets/SuffixArchivos/Mezcla//500_2.txt;Dioecia;0;0.001;
./datasets/SuffixArchivos/Mezcla//1000.txt;unchapter;0;0;
./datasets/SuffixArchivos/Mezcla//1000_2.txt;unchapter;0;0;
./datasets/SuffixArchivos/Mezcla//1000_3.txt;unchapter;0;0;
./datasets/SuffixArchivos/Mezcla//1000_4.txt;unchapter;0;0;
./datasets/SuffixArchivos/Mezcla//1000_5.txt;unchapter;0;0;
./datasets/SuffixArchivos/Mezcla//1000_6.txt;unchapter;0;0;
./datasets/SuffixArchivos/Mezcla//200.txt;unchapter;0;0;
./datasets/SuffixArchivos/Mezcla//200_2.txt;unchapter;0;0;
./datasets/SuffixArchivos/Mezcla//500.txt;unchapter;0;0;
./datasets/SuffixArchivos/Mezcla//500_2.txt;unchapter;0;0;
./datasets/SuffixArchivos/Mezcla//1000.txt;nonumbilicate;0;0.000999;
./datasets/SuffixArchivos/Mezcla//1000_2.txt;nonumbilicate;0;0.000999;
./datasets/SuffixArchivos/Mezcla//1000_3.txt;nonumbilicate;0;0.000999;
./datasets/SuffixArchivos/Mezcla//1000_4.txt;nonumbilicate;0;0.000999;
./datasets/SuffixArchivos/Mezcla//1000_5.txt;nonumbilicate;0;0.000999;
./datasets/SuffixArchivos/Mezcla//1000_6.txt;nonumbilicate;0;0.000999;
./datasets/SuffixArchivos/Mezcla//200.txt;nonumbilicate;0;0.000999;
./datasets/SuffixArchivos/Mezcla//200_2.txt;nonumbilicate;0;0.000999;
./datasets/SuffixArchivos/Mezcla//500.txt;nonumbilicate;0;0.000999;
./datasets/SuffixArchivos/Mezcla//500_2.txt;nonumbilicate;0;0.000999;
./datasets/SuffixArchivos/Mezcla//1000.txt;zwitterionic;0;0;
./datasets/SuffixArchivos/Mezcla//1000_2.txt;zwitterionic;0;0;
./datasets/SuffixArchivos/Mezcla//1000_3.txt;zwitterionic;0;0;
./datasets/SuffixArchivos/Mezcla//1000_4.txt;zwitterionic;0;0;
./datasets/SuffixArchivos/Mezcla//1000_5.txt;zwitterionic;0;0;
./datasets/SuffixArchivos/Mezcla//1000_6.txt;zwitterionic;0;0;
./datasets/SuffixArchivos/Mezcla//200.txt;zwitterionic;0;0;
./datasets/SuffixArchivos/Mezcla//200_2.txt;zwitterionic;0;0;
./datasets/SuffixArchivos/Mezcla//500.txt;zwitterionic;0;0;
./datasets/SuffixArchivos/Mezcla//500_2.txt;zwitterionic;0;0;
./datasets/SuffixArchivos/Mezcla//1000.txt;apportionable;0;0;
./datasets/SuffixArchivos/Mezcla//1000_2.txt;apportionable;0;0;
./datasets/SuffixArchivos/Mezcla//1000_3.txt;apportionable;0;0;
./datasets/SuffixArchivos/Mezcla//1000_4.txt;apportionable;0;0;
./datasets/SuffixArchivos/Mezcla//1000_5.txt;apportionable;0;0;
./datasets/SuffixArchivos/Mezcla//1000_6.txt;apportionable;0;0;
./datasets/SuffixArchivos/Mezcla//200.txt;apportionable;0;0;
./datasets/SuffixArchivos/Mezcla//200_2.txt;apportionable;0;0;
./datasets/SuffixArchivos/Mezcla//500.txt;apportionable;0;0;
./datasets/SuffixArchivos/Mezcla//500_2.txt;apportionable;0;0;
./datasets/SuffixArchivos/Mezcla//1000.txt;ferulic;0;0;
./datasets/SuffixArchivos/Mezcla//1000_2.txt;ferulic;0;0;
./datasets/SuffixArchivos/Mezcla//1000_3.txt;ferulic;0;0;
./datasets/SuffixArchivos/Mezcla//1000_4.txt;ferulic;0;0;
./datasets/SuffixArchivos/Mezcla//1000_5.txt;ferulic;0;0;
./datasets/SuffixArchivos/Mezcla//1000_6.txt;ferulic;0;0;
./datasets/SuffixArchivos/Mezcla//200.txt;ferulic;0;0;
./datasets/SuffixArchivos/Mezcla//200_2.txt;ferulic;0;0;
./datasets/SuffixArchivos/Mezcla//500.txt;ferulic;0;0;
./datasets/SuffixArchivos/Mezcla//500_2.txt;ferulic;0;0;
./datasets/SuffixArchivos/Mezcla//1000.txt;statefulness;0;0;
./datasets/SuffixArchivos/Mezcla//1000_2.txt;statefulness;0;0;
./datasets/SuffixArchivos/Mezcla//1000_3.txt;statefulness;0;0;
./datasets/SuffixArchivos/Mezcla//1000_4.txt;statefulness;0;0;
./datasets/SuffixArchivos/Mezcla//1000_5.txt;statefulness;0;0;
./datasets/SuffixArchivos/Mezcla//1000_6.txt;statefulness;0;0;
./datasets/SuffixArchivos/Mezcla//200.txt;statefulness;0;0;
./datasets/SuffixArchivos/Mezcla//200_2.txt;statefulness;0;0;
./datasets/SuffixArchivos/Mezcla//500.txt;statefulness;0;0;
./datasets/SuffixArchivos/Mezcla//500_2.txt;statefulness;0;0;
./datasets/SuffixArchivos/Mezcla//1000.txt;pharyngotonsillitis;0;0;
./datasets/SuffixArchivos/Mezcla//1000_2.txt;pharyngotonsillitis;0;0;
./datasets/SuffixArchivos/Mezcla//1000_3.txt;pharyngotonsillitis;0;0;
./datasets/SuffixArchivos/Mezcla//1000_4.txt;pharyngotonsillitis;0;0;
./datasets/SuffixArchivos/Mezcla//1000_5.txt;pharyngotonsillitis;0;0;
./datasets/SuffixArchivos/Mezcla//1000_6.txt;pharyngotonsillitis;0;0;
./datasets/SuffixArchivos/Mezcla//200.txt;pharyngotonsillitis;0;0;
./datasets/SuffixArchivos/Mezcla//200_2.txt;pharyngotonsillitis;0;0;
./datasets/SuffixArchivos/Mezcla//500.txt;pharyngotonsillitis;0;0;
./datasets/SuffixArchivos/Mezcla//500_2.txt;pharyngotonsillitis;0;0;
./datasets/SuffixArchivos/Mezcla//1000.txt;Mimulus;0;0;
./datasets/SuffixArchivos/Mezcla//1000_2.txt;Mimulus;0;0;
./datasets/SuffixArchivos/Mezcla//1000_3.txt;Mimulus;0;0;
./datasets/SuffixArchivos/Mezcla//1000_4.txt;Mimulus;0;0;
./datasets/SuffixArchivos/Mezcla//1000_5.txt;Mimulus;0;0;
./datasets/SuffixArchivos/Mezcla//1000_6.txt;Mimulus;0;0;
./datasets/SuffixArchivos/Mezcla//200.txt;Mimulus;0;0;
./datasets/SuffixArchivos/Mezcla//200_2.txt;Mimulus;0;0;
./datasets/SuffixArchivos/Mezcla//500.txt;Mimulus;0;0;
./datasets/SuffixArchivos/Mezcla//500_2.txt;Mimulus;0;0;
./datasets/SuffixArchivos/Mezcla//1000.txt;recce;0;0;
./datasets/SuffixArchivos/Mezcla//1000_2.txt;recce;0;0;
./datasets/SuffixArchivos/Mezcla//1000_3.txt;recce;0;0;
./datasets/SuffixArchivos/Mezcla//1000_4.txt;recce;0;0;
./datasets/SuffixArchivos/Mezcla//1000_5.txt;recce;0;0;
./datasets/SuffixArchivos/Mezcla//1000_6.txt;recce;0;0;
./datasets/SuffixArchivos/Mezcla//200.txt;recce;0;0;
./datasets/SuffixArchivos/Mezcla//200_2.txt;recce;0;0;
./datasets/SuffixArchivos/Mezcla//500.txt;recce;0;0;
./datasets/SuffixArchivos/Mezcla//500_2.txt;recce;0;0;
./datasets/SuffixArchivos/Mezcla//1000.txt;mutinously;0;0;
./datasets/SuffixArchivos/Mezcla//1000_2.txt;mutinously;0;0;
./datasets/SuffixArchivos/Mezcla//1000_3.txt;mutinously;0;0;
./datasets/SuffixArchivos/Mezcla//1000_4.txt;mutinously;0;0;
./datasets/SuffixArchivos/Mezcla//1000_5.txt;mutinously;0;0;
./datasets/SuffixArchivos/Mezcla//1000_6.txt;mutinously;0;0;
./datasets/SuffixArchivos/Mezcla//200.txt;mutinously;0;0;
./datasets/SuffixArchivos/Mezcla//200_2.txt;mutinously;0;0;
./datasets/SuffixArchivos/Mezcla//500.txt;mutinously;0;0;
./datasets/SuffixArchivos/Mezcla//500_2.txt;mutinously;0;0;
./datasets/SuffixArchivos/Mezcla//1000.txt;reboant;0;0;
./datasets/SuffixArchivos/Mezcla//1000_2.txt;reboant;0;0;
./datasets/SuffixArchivos/Mezcla//1000_3.txt;reboant;0;0;
./datasets/SuffixArchivos/Mezcla//1000_4.txt;reboant;0;0;
./datasets/SuffixArchivos/Mezcla//1000_5.txt;reboant;0;0;
./datasets/SuffixArchivos/Mezcla//1000_6.txt;reboant;0;0;
./datasets/SuffixArchivos/Mezcla//200.txt;reboant;0;0;
./datasets/SuffixArchivos/Mezcla//200_2.txt;reboant;0;0;
./datasets/SuffixArchivos/Mezcla//500.txt;reboant;0;0;
./datasets/SuffixArchivos/Mezcla//500_2.txt;reboant;0;0;
./datasets/SuffixArchivos/Mezcla//1000.txt;marshwort;0;0;
./datasets/SuffixArchivos/Mezcla//1000_2.txt;marshwort;0;0;
./datasets/SuffixArchivos/Mezcla//1000_3.txt;marshwort;0;0;
./datasets/SuffixArchivos/Mezcla//1000_4.txt;marshwort;0;0;
./datasets/SuffixArchivos/Mezcla//1000_5.txt;marshwort;0;0;
./datasets/SuffixArchivos/Mezcla//1000_6.txt;marshwort;0;0;
./datasets/SuffixArchivos/Mezcla//200.txt;marshwort;0;0;
./datasets/SuffixArchivos/Mezcla//200_2.txt;marshwort;0;0;
./datasets/SuffixArchivos/Mezcla//500.txt;marshwort;0;0;
./datasets/SuffixArchivos/Mezcla//500_2.txt;marshwort;0;0;
./datasets/SuffixArchivos/Mezcla//1000.txt;lupoid;0;0;
./datasets/SuffixArchivos/Mezcla//1000_2.txt;lupoid;0;0;
./datasets/SuffixArchivos/Mezcla//1000_3.txt;lupoid;0;0;
./datasets/SuffixArchivos/Mezcla//1000_4.txt;lupoid;0;0;
./datasets/SuffixArchivos/Mezcla//1000_5.txt;lupoid;0;0;
./datasets/SuffixArchivos/Mezcla//1000_6.txt;lupoid;0;0;
./datasets/SuffixArchivos/Mezcla//200.txt;lupoid;0;0;
./datasets/SuffixArchivos/Mezcla//200_2.txt;lupoid;0;0;
./datasets/SuffixArchivos/Mezcla//500.txt;lupoid;0;0;
./datasets/SuffixArchivos/Mezcla//500_2.txt;lupoid;0;0;
./datasets/SuffixArchivos/Mezcla//1000.txt;chromatophilic;0;0;
./datasets/SuffixArchivos/Mezcla//1000_2.txt;chromatophilic;0;0;
./datasets/SuffixArchivos/Mezcla//1000_3.txt;chromatophilic;0;0;
./datasets/SuffixArchivos/Mezcla//1000_4.txt;chromatophilic;0;0;
./datasets/SuffixArchivos/Mezcla//1000_5.txt;chromatophilic;0;0;
./datasets/SuffixArchivos/Mezcla//1000_6.txt;chromatophilic;0;0;
./datasets/SuffixArchivos/Mezcla//200.txt;chromatophilic;0;0;
./datasets/SuffixArchivos/Mezcla//200_2.txt;chromatophilic;0;0;
./datasets/SuffixArchivos/Mezcla//500.txt;chromatophilic;0;0;
./datasets/SuffixArchivos/Mezcla//500_2.txt;chromatophilic;0;0;
./datasets/SuffixArchivos/Mezcla//1000.txt;lauder;0;0;
./datasets/SuffixArchivos/Mezcla//1000_2.txt;lauder;0;0;
./datasets/SuffixArchivos/Mezcla//1000_3.txt;lauder;0;0;
./datasets/SuffixArchivos/Mezcla//1000_4.txt;lauder;0;0;
./datasets/SuffixArchivos/Mezcla//1000_5.txt;lauder;0;0;
./datasets/SuffixArchivos/Mezcla//1000_6.txt;lauder;0;0;
./datasets/SuffixArchivos/Mezcla//200.txt;lauder;0;0;
./datasets/SuffixArchivos/Mezcla//200_2.txt;lauder;0;0;
./datasets/SuffixArchivos/Mezcla//500.txt;lauder;0;0;
./datasets/SuffixArchivos/Mezcla//500_2.txt;lauder;0;0;
./datasets/SuffixArchivos/Mezcla//1000.txt;nirles;0;0;
./datasets/SuffixArchivos/Mezcla//1000_2.txt;nirles;0;0;
./datasets/SuffixArchivos/Mezcla//1000_3.txt;nirles;0;0;
./datasets/SuffixArchivos/Mezcla//1000_4.txt;nirles;0;0;
./datasets/SuffixArchivos/Mezcla//1000_5.txt;nirles;0;0;
./datasets/SuffixArchivos/Mezcla//1000_6.txt;nirles;0;0;
./datasets/SuffixArchivos/Mezcla//200.txt;nirles;0;0;
./datasets/SuffixArchivos/Mezcla//200_2.txt;nirles;0;0;
./datasets/SuffixArchivos/Mezcla//500.txt;nirles;0;0;
./datasets/SuffixArchivos/Mezcla//500_2.txt;nirles;0;0;
./datasets/SuffixArchivos/Mezcla//1000.txt;esthesiometer;0;0;
./datasets/SuffixArchivos/Mezcla//1000_2.txt;esthesiometer;0;0;
./datasets/SuffixArchivos/Mezcla//1000_3.txt;esthesiometer;0;0;
./datasets/SuffixArchivos/Mezcla//1000_4.txt;esthesiometer;0;0;
./datasets/SuffixArchivos/Mezcla//1000_5.txt;esthesiometer;0;0;
./datasets/SuffixArchivos/Mezcla//1000_6.txt;esthesiometer;0;0;
./datasets/SuffixArchivos/Mezcla//200.txt;esthesiometer;0;0;
./datasets/SuffixArchivos/Mezcla//200_2.txt;esthesiometer;0;0;
./datasets/SuffixArchivos/Mezcla//500.txt;esthesiometer;0;0;
./datasets/SuffixArchivos/Mezcla//500_2.txt;esthesiometer;0;0;
./datasets/SuffixArchivos/Mezcla//1000.txt;semisocial;0;0;
./datasets/SuffixArchivos/Mezcla//1000_2.txt;semisocial;0;0;
./datasets/SuffixArchivos/Mezcla//1000_3.txt;semisocial;0;0;
./datasets/SuffixArchivos/Mezcla//1000_4.txt;semisocial;0;0;
./datasets/SuffixArchivos/Mezcla//1000_5.txt;semisocial;0;0;
./datasets/SuffixArchivos/Mezcla//1000_6.txt;semisocial;0;0;
./datasets/SuffixArchivos/Mezcla//200.txt;semisocial;0;0;
./datasets/SuffixArchivos/Mezcla//200_2.txt;semisocial;0;0;
./datasets/SuffixArchivos/Mezcla//500.txt;semisocial;0;0;
./datasets/SuffixArchivos/Mezcla//500_2.txt;semisocial;0;0;
./datasets/SuffixArchivos/Mezcla//1000.txt;unbeing;0;0.001;
./datasets/SuffixArchivos/Mezcla//1000_2.txt;unbeing;0;0.001;
./datasets/SuffixArchivos/Mezcla//1000_3.txt;unbeing;0;0.001;
./datasets/SuffixArchivos/Mezcla//1000_4.txt;unbeing;0;0.001;
./datasets/SuffixArchivos/Mezcla//1000_5.txt;unbeing;0;0.001;
./datasets/SuffixArchivos/Mezcla//1000_6.txt;unbeing;0;0.001;
./datasets/SuffixArchivos/Mezcla//200.txt;unbeing;0;0.001;
./datasets/SuffixArchivos/Mezcla//200_2.txt;unbeing;0;0.001;
./datasets/SuffixArchivos/Mezcla//500.txt;unbeing;0;0.001;
./datasets/SuffixArchivos/Mezcla//500_2.txt;unbeing;0;0.001;
./datasets/SuffixArchivos/Mezcla//1000.txt;kangaroo;0;0;
./datasets/SuffixArchivos/Mezcla//1000_2.txt;kangaroo;0;0;
./datasets/SuffixArchivos/Mezcla//1000_3.txt;kangaroo;0;0;
./datasets/SuffixArchivos/Mezcla//1000_4.txt;kangaroo;0;0;
./datasets/SuffixArchivos/Mezcla//1000_5.txt;kangaroo;0;0;
./datasets/SuffixArchivos/Mezcla//1000_6.txt;kangaroo;0;0;
./datasets/SuffixArchivos/Mezcla//200.txt;kangaroo;0;0;
./datasets/SuffixArchivos/Mezcla//200_2.txt;kangaroo;0;0;
./datasets/SuffixArchivos/Mezcla//500.txt;kangaroo;0;0;
./datasets/SuffixArchivos/Mezcla//500_2.txt;kangaroo;0;0;
./datasets/SuffixArchivos/Mezcla//1000.txt;takosis;0;0.000998;
./datasets/SuffixArchivos/Mezcla//1000_2.txt;takosis;0;0.000998;
./datasets/SuffixArchivos/Mezcla//1000_3.txt;takosis;0;0.000998;
./datasets/SuffixArchivos/Mezcla//1000_4.txt;takosis;0;0.000998;
./datasets/SuffixArchivos/Mezcla//1000_5.txt;takosis;0;0.000998;
./datasets/SuffixArchivos/Mezcla//1000_6.txt;takosis;0;0.000998;
./datasets/SuffixArchivos/Mezcla//200.txt;takosis;0;0.000998;
./datasets/SuffixArchivos/Mezcla//200_2.txt;takosis;0;0.000998;
./datasets/SuffixArchivos/Mezcla//500.txt;takosis;0;0.000998;
./datasets/SuffixArchivos/Mezcla//500_2.txt;takosis;0;0.000998;
./datasets/SuffixArchivos/Mezcla//1000.txt;inconvertibility;0;0;
./datasets/SuffixArchivos/Mezcla//1000_2.txt;inconvertibility;0;0;
./datasets/SuffixArchivos/Mezcla//1000_3.txt;inconvertibility;0;0;
./datasets/SuffixArchivos/Mezcla//1000_4.txt;inconvertibility;0;0;
./datasets/SuffixArchivos/Mezcla//1000_5.txt;inconvertibility;0;0;
./datasets/SuffixArchivos/Mezcla//1000_6.txt;inconvertibility;0;0;
./datasets/SuffixArchivos/Mezcla//200.txt;inconvertibility;0;0;
./datasets/SuffixArchivos/Mezcla//200_2.txt;inconvertibility;0;0;
./datasets/SuffixArchivos/Mezcla//500.txt;inconvertibility;0;0;
./datasets/SuffixArchivos/Mezcla//500_2.txt;inconvertibility;0;0;
./datasets/SuffixArchivos/Mezcla//1000.txt;anesthetist;0;0.001;
./datasets/SuffixArchivos/Mezcla//1000_2.txt;anesthetist;0;0.001;
./datasets/SuffixArchivos/Mezcla//1000_3.txt;anesthetist;0;0.001;
./datasets/SuffixArchivos/Mezcla//1000_4.txt;anesthetist;0;0.001;
./datasets/SuffixArchivos/Mezcla//1000_5.txt;anesthetist;0;0.001;
./datasets/SuffixArchivos/Mezcla//1000_6.txt;anesthetist;0;0.001;
./datasets/SuffixArchivos/Mezcla//200.txt;anesthetist;0;0.001;
./datasets/SuffixArchivos/Mezcla//200_2.txt;anesthetist;0;0.001;
./datasets/SuffixArchivos/Mezcla//500.txt;anesthetist;0;0.001;
./datasets/SuffixArchivos/Mezcla//500_2.txt;anesthetist;0;0.001;
./datasets/SuffixArchivos/Mezcla//1000.txt;rumorproof;0;0;
./datasets/SuffixArchivos/Mezcla//1000_2.txt;rumorproof;0;0;
./datasets/SuffixArchivos/Mezcla//1000_3.txt;rumorproof;0;0;
./datasets/SuffixArchivos/Mezcla//1000_4.txt;rumorproof;0;0;
./datasets/SuffixArchivos/Mezcla//1000_5.txt;rumorproof;0;0;
./datasets/SuffixArchivos/Mezcla//1000_6.txt;rumorproof;0;0;
./datasets/SuffixArchivos/Mezcla//200.txt;rumorproof;0;0;
./datasets/SuffixArchivos/Mezcla//200_2.txt;rumorproof;0;0;
./datasets/SuffixArchivos/Mezcla//500.txt;rumorproof;0;0;
./datasets/SuffixArchivos/Mezcla//500_2.txt;rumorproof;0;0;
./datasets/SuffixArchivos/Mezcla//1000.txt;thoracoscopy;0;0.001;
./datasets/SuffixArchivos/Mezcla//1000_2.txt;thoracoscopy;0;0.001;
./datasets/SuffixArchivos/Mezcla//1000_3.txt;thoracoscopy;0;0.001;
./datasets/SuffixArchivos/Mezcla//1000_4.txt;thoracoscopy;0;0.001;
./datasets/SuffixArchivos/Mezcla//1000_5.txt;thoracoscopy;0;0.001;
./datasets/SuffixArchivos/Mezcla//1000_6.txt;thoracoscopy;0;0.001;
./datasets/SuffixArchivos/Mezcla//200.txt;thoracoscopy;0;0.001;
./datasets/SuffixArchivos/Mezcla//200_2.txt;thoracoscopy;0;0.001;
./datasets/SuffixArchivos/Mezcla//500.txt;thoracoscopy;0;0.001;
./datasets/SuffixArchivos/Mezcla//500_2.txt;thoracoscopy;0;0.001;
./datasets/SuffixArchivos/Mezcla//1000.txt;euphorbium;0;0;
./datasets/SuffixArchivos/Mezcla//1000_2.txt;euphorbium;0;0;
./datasets/SuffixArchivos/Mezcla//1000_3.txt;euphorbium;0;0;
./datasets/SuffixArchivos/Mezcla//1000_4.txt;euphorbium;0;0;
./datasets/SuffixArchivos/Mezcla//1000_5.txt;euphorbium;0;0;
./datasets/SuffixArchivos/Mezcla//1000_6.txt;euphorbium;0;0;
./datasets/SuffixArchivos/Mezcla//200.txt;euphorbium;0;0;
./datasets/SuffixArchivos/Mezcla//200_2.txt;euphorbium;0;0;
./datasets/SuffixArchivos/Mezcla//500.txt;euphorbium;0;0;
./datasets/SuffixArchivos/Mezcla//500_2.txt;euphorbium;0;0;
./datasets/SuffixArchivos/Mezcla//1000.txt;bizet;0;0;
./datasets/SuffixArchivos/Mezcla//1000_2.txt;bizet;0;0;
./datasets/SuffixArchivos/Mezcla//1000_3.txt;bizet;0;0;
./datasets/SuffixArchivos/Mezcla//1000_4.txt;bizet;0;0;
./datasets/SuffixArchivos/Mezcla//1000_5.txt;bizet;0;0;
./datasets/SuffixArchivos/Mezcla//1000_6.txt;bizet;0;0;
./datasets/SuffixArchivos/Mezcla//200.txt;bizet;0;0;
./datasets/SuffixArchivos/Mezcla//200_2.txt;bizet;0;0;
./datasets/SuffixArchivos/Mezcla//500.txt;bizet;0;0;
./datasets/SuffixArchivos/Mezcla//500_2.txt;bizet;0;0;
./datasets/SuffixArchivos/Mezcla//1000.txt;song;0;0;
./datasets/SuffixArchivos/Mezcla//1000_2.txt;song;0;0;
./datasets/SuffixArchivos/Mezcla//1000_3.txt;song;1;0;
./datasets/SuffixArchivos/Mezcla//1000_4.txt;song;0;0;
./datasets/SuffixArchivos/Mezcla//1000_5.txt;song;1;0;
./datasets/SuffixArchivos/Mezcla//1000_6.txt;song;1;0;
./datasets/SuffixArchivos/Mezcla//200.txt;song;1;0;
./datasets/SuffixArchivos/Mezcla//200_2.txt;song;0;0;
./datasets/SuffixArchivos/Mezcla//500.txt;song;0;0;
./datasets/SuffixArchivos/Mezcla//500_2.txt;song;6;0;
./datasets/SuffixArchivos/Mezcla//1000.txt;dolichocephali;0;0;
./datasets/SuffixArchivos/Mezcla//1000_2.txt;dolichocephali;0;0;
./datasets/SuffixArchivos/Mezcla//1000_3.txt;dolichocephali;0;0;
./datasets/SuffixArchivos/Mezcla//1000_4.txt;dolichocephali;0;0;
./datasets/SuffixArchivos/Mezcla//1000_5.txt;dolichocephali;0;0;
./datasets/SuffixArchivos/Mezcla//1000_6.txt;dolichocephali;0;0;
./datasets/SuffixArchivos/Mezcla//200.txt;dolichocephali;0;0;
./datasets/SuffixArchivos/Mezcla//200_2.txt;dolichocephali;0;0;
./datasets/SuffixArchivos/Mezcla//500.txt;dolichocephali;0;0;
./datasets/SuffixArchivos/Mezcla//500_2.txt;dolichocephali;0;0;
./datasets/SuffixArchivos/Mezcla//1000.txt;platemaker;0;0;
./datasets/SuffixArchivos/Mezcla//1000_2.txt;platemaker;0;0;
./datasets/SuffixArchivos/Mezcla//1000_3.txt;platemaker;0;0;
./datasets/SuffixArchivos/Mezcla//1000_4.txt;platemaker;0;0;
./datasets/SuffixArchivos/Mezcla//1000_5.txt;platemaker;0;0;
./datasets/SuffixArchivos/Mezcla//1000_6.txt;platemaker;0;0;
./datasets/SuffixArchivos/Mezcla//200.txt;platemaker;0;0;
./datasets/SuffixArchivos/Mezcla//200_2.txt;platemaker;0;0;
./datasets/SuffixArchivos/Mezcla//500.txt;platemaker;0;0;
./datasets/SuffixArchivos/Mezcla//500_2.txt;platemaker;0;0;
./datasets/SuffixArchivos/Mezcla//1000.txt;vesicupapular;0;0;
./datasets/SuffixArchivos/Mezcla//1000_2.txt;vesicupapular;0;0;
./datasets/SuffixArchivos/Mezcla//1000_3.txt;vesicupapular;0;0;
./datasets/SuffixArchivos/Mezcla//1000_4.txt;vesicupapular;0;0;
./datasets/SuffixArchivos/Mezcla//1000_5.txt;vesicupapular;0;0;
./datasets/SuffixArchivos/Mezcla//1000_6.txt;vesicupapular;0;0;
./datasets/SuffixArchivos/Mezcla//200.txt;vesicupapular;0;0;
./datasets/SuffixArchivos/Mezcla//200_2.txt;vesicupapular;0;0;
./datasets/SuffixArchivos/Mezcla//500.txt;vesicupapular;0;0;
./datasets/SuffixArchivos/Mezcla//500_2.txt;vesicupapular;0;0;
./datasets/SuffixArchivos/Mezcla//1000.txt;electroforming;0;0.001;
./datasets/SuffixArchivos/Mezcla//1000_2.txt;electroforming;0;0.001;
./datasets/SuffixArchivos/Mezcla//1000_3.txt;electroforming;0;0.001;
./datasets/SuffixArchivos/Mezcla//1000_4.txt;electroforming;0;0.001;
./datasets/SuffixArchivos/Mezcla//1000_5.txt;electroforming;0;0.001;
./datasets/SuffixArchivos/Mezcla//1000_6.txt;electroforming;0;0.001;
./datasets/SuffixArchivos/Mezcla//200.txt;electroforming;0;0.001;
./datasets/SuffixArchivos/Mezcla//200_2.txt;electroforming;0;0.001;
./datasets/SuffixArchivos/Mezcla//500.txt;electroforming;0;0.001;
./datasets/SuffixArchivos/Mezcla//500_2.txt;electroforming;0;0.001;
./datasets/SuffixArchivos/Mezcla//1000.txt;dilatingly;0;0;
./datasets/SuffixArchivos/Mezcla//1000_2.txt;dilatingly;0;0;
./datasets/SuffixArchivos/Mezcla//1000_3.txt;dilatingly;0;0;
./datasets/SuffixArchivos/Mezcla//1000_4.txt;dilatingly;0;0;
./datasets/SuffixArchivos/Mezcla//1000_5.txt;dilatingly;0;0;
./datasets/SuffixArchivos/Mezcla//1000_6.txt;dilatingly;0;0;
./datasets/SuffixArchivos/Mezcla//200.txt;dilatingly;0;0;
./datasets/SuffixArchivos/Mezcla//200_2.txt;dilatingly;0;0;
./datasets/SuffixArchivos/Mezcla//500.txt;dilatingly;0;0;
./datasets/SuffixArchivos/Mezcla//500_2.txt;dilatingly;0;0;
./datasets/SuffixArchivos/Mezcla//1000.txt;meethelp;0;0.000999;
./datasets/SuffixArchivos/Mezcla//1000_2.txt;meethelp;0;0.000999;
./datasets/SuffixArchivos/Mezcla//1000_3.txt;meethelp;0;0.000999;
./datasets/SuffixArchivos/Mezcla//1000_4.txt;meethelp;0;0.000999;
./datasets/SuffixArchivos/Mezcla//1000_5.txt;meethelp;0;0.000999;
./datasets/SuffixArchivos/Mezcla//1000_6.txt;meethelp;0;0.000999;
./datasets/SuffixArchivos/Mezcla//200.txt;meethelp;0;0.000999;
./datasets/SuffixArchivos/Mezcla//200_2.txt;meethelp;0;0.000999;
./datasets/SuffixArchivos/Mezcla//500.txt;meethelp;0;0.000999;
./datasets/SuffixArchivos/Mezcla//500_2.txt;meethelp;0;0.000999;
./datasets/SuffixArchivos/Mezcla//1000.txt;loincloth;0;0;
./datasets/SuffixArchivos/Mezcla//1000_2.txt;loincloth;0;0;
./datasets/SuffixArchivos/Mezcla//1000_3.txt;loincloth;0;0;
./datasets/SuffixArchivos/Mezcla//1000_4.txt;loincloth;0;0;
./datasets/SuffixArchivos/Mezcla//1000_5.txt;loincloth;0;0;
./datasets/SuffixArchivos/Mezcla//1000_6.txt;loincloth;0;0;
./datasets/SuffixArchivos/Mezcla//200.txt;loincloth;0;0;
./datasets/SuffixArchivos/Mezcla//200_2.txt;loincloth;0;0;
./datasets/SuffixArchivos/Mezcla//500.txt;loincloth;0;0;
./datasets/SuffixArchivos/Mezcla//500_2.txt;loincloth;0;0;
./datasets/SuffixArchivos/Mezcla//1000.txt;avowably;0;0.001001;
./datasets/SuffixArchivos/Mezcla//1000_2.txt;avowably;0;0.001001;
./datasets/SuffixArchivos/Mezcla//1000_3.txt;avowably;0;0.001001;
./datasets/SuffixArchivos/Mezcla//1000_4.txt;avowably;0;0.001001;
./datasets/SuffixArchivos/Mezcla//1000_5.txt;avowably;0;0.001001;
./datasets/SuffixArchivos/Mezcla//1000_6.txt;avowably;0;0.001001;
./datasets/SuffixArchivos/Mezcla//200.txt;avowably;0;0.001001;
./datasets/SuffixArchivos/Mezcla//200_2.txt;avowably;0;0.001001;
./datasets/SuffixArchivos/Mezcla//500.txt;avowably;0;0.001001;
./datasets/SuffixArchivos/Mezcla//500_2.txt;avowably;0;0.001001;
./datasets/SuffixArchivos/Mezcla//1000.txt;counterindicate;0;0;
./datasets/SuffixArchivos/Mezcla//1000_2.txt;counterindicate;0;0;
./datasets/SuffixArchivos/Mezcla//1000_3.txt;counterindicate;0;0;
./datasets/SuffixArchivos/Mezcla//1000_4.txt;counterindicate;0;0;
./datasets/SuffixArchivos/Mezcla//1000_5.txt;counterindicate;0;0;
./datasets/SuffixArchivos/Mezcla//1000_6.txt;counterindicate;0;0;
./datasets/SuffixArchivos/Mezcla//200.txt;counterindicate;0;0;
./datasets/SuffixArchivos/Mezcla//200_2.txt;counterindicate;0;0;
./datasets/SuffixArchivos/Mezcla//500.txt;counterindicate;0;0;
./datasets/SuffixArchivos/Mezcla//500_2.txt;counterindicate;0;0;
./datasets/SuffixArchivos/Mezcla//1000.txt;treacliness;0;0.000998;
./datasets/SuffixArchivos/Mezcla//1000_2.txt;treacliness;0;0.000998;
./datasets/SuffixArchivos/Mezcla//1000_3.txt;treacliness;0;0.000998;
./datasets/SuffixArchivos/Mezcla//1000_4.txt;treacliness;0;0.000998;
./datasets/SuffixArchivos/Mezcla//1000_5.txt;treacliness;0;0.000998;
./datasets/SuffixArchivos/Mezcla//1000_6.txt;treacliness;0;0.000998;
./datasets/SuffixArchivos/Mezcla//200.txt;treacliness;0;0.000998;
./datasets/SuffixArchivos/Mezcla//200_2.txt;treacliness;0;0.000998;
./datasets/SuffixArchivos/Mezcla//500.txt;treacliness;0;0.000998;
./datasets/SuffixArchivos/Mezcla//500_2.txt;treacliness;0;0.000998;
./datasets/SuffixArchivos/Mezcla//1000.txt;Epigonus;0;0;
./datasets/SuffixArchivos/Mezcla//1000_2.txt;Epigonus;0;0;
./datasets/SuffixArchivos/Mezcla//1000_3.txt;Epigonus;0;0;
./datasets/SuffixArchivos/Mezcla//1000_4.txt;Epigonus;0;0;
./datasets/SuffixArchivos/Mezcla//1000_5.txt;Epigonus;0;0;
./datasets/SuffixArchivos/Mezcla//1000_6.txt;Epigonus;0;0;
./datasets/SuffixArchivos/Mezcla//200.txt;Epigonus;0;0;
./datasets/SuffixArchivos/Mezcla//200_2.txt;Epigonus;0;0;
./datasets/SuffixArchivos/Mezcla//500.txt;Epigonus;0;0;
./datasets/SuffixArchivos/Mezcla//500_2.txt;Epigonus;0;0;
./datasets/SuffixArchivos/Mezcla//1000.txt;airmark;0;0;
./datasets/SuffixArchivos/Mezcla//1000_2.txt;airmark;0;0;
./datasets/SuffixArchivos/Mezcla//1000_3.txt;airmark;0;0;
./datasets/SuffixArchivos/Mezcla//1000_4.txt;airmark;0;0;
./datasets/SuffixArchivos/Mezcla//1000_5.txt;airmark;0;0;
./datasets/SuffixArchivos/Mezcla//1000_6.txt;airmark;0;0;
./datasets/SuffixArchivos/Mezcla//200.txt;airmark;0;0;
./datasets/SuffixArchivos/Mezcla//200_2.txt;airmark;0;0;
./datasets/SuffixArchivos/Mezcla//500.txt;airmark;0;0;
./datasets/SuffixArchivos/Mezcla//500_2.txt;airmark;0;0;
./datasets/SuffixArchivos/Mezcla//1000.txt;polarography;0;0;
./datasets/SuffixArchivos/Mezcla//1000_2.txt;polarography;0;0;
./datasets/SuffixArchivos/Mezcla//1000_3.txt;polarography;0;0;
./datasets/SuffixArchivos/Mezcla//1000_4.txt;polarography;0;0;
./datasets/SuffixArchivos/Mezcla//1000_5.txt;polarography;0;0;
./datasets/SuffixArchivos/Mezcla//1000_6.txt;polarography;0;0;
./datasets/SuffixArchivos/Mezcla//200.txt;polarography;0;0;
./datasets/SuffixArchivos/Mezcla//200_2.txt;polarography;0;0;
./datasets/SuffixArchivos/Mezcla//500.txt;polarography;0;0;
./datasets/SuffixArchivos/Mezcla//500_2.txt;polarography;0;0;
./datasets/SuffixArchivos/Mezcla//1000.txt;precomposition;0;0;
./datasets/SuffixArchivos/Mezcla//1000_2.txt;precomposition;0;0;
./datasets/SuffixArchivos/Mezcla//1000_3.txt;precomposition;0;0;
./datasets/SuffixArchivos/Mezcla//1000_4.txt;precomposition;0;0;
./datasets/SuffixArchivos/Mezcla//1000_5.txt;precomposition;0;0;
./datasets/SuffixArchivos/Mezcla//1000_6.txt;precomposition;0;0;
./datasets/SuffixArchivos/Mezcla//200.txt;precomposition;0;0;
./datasets/SuffixArchivos/Mezcla//200_2.txt;precomposition;0;0;
./datasets/SuffixArchivos/Mezcla//500.txt;precomposition;0;0;
./datasets/SuffixArchivos/Mezcla//500_2.txt;precomposition;0;0;
./datasets/SuffixArchivos/Mezcla//1000.txt;lemography;0;0;
./datasets/SuffixArchivos/Mezcla//1000_2.txt;lemography;0;0;
./datasets/SuffixArchivos/Mezcla//1000_3.txt;lemography;0;0;
./datasets/SuffixArchivos/Mezcla//1000_4.txt;lemography;0;0;
./datasets/SuffixArchivos/Mezcla//1000_5.txt;lemography;0;0;
./datasets/SuffixArchivos/Mezcla//1000_6.txt;lemography;0;0;
./datasets/SuffixArchivos/Mezcla//200.txt;lemography;0;0;
./datasets/SuffixArchivos/Mezcla//200_2.txt;lemography;0;0;
./datasets/SuffixArchivos/Mezcla//500.txt;lemography;0;0;
./datasets/SuffixArchivos/Mezcla//500_2.txt;lemography;0;0;
./datasets/SuffixArchivos/Mezcla//1000.txt;Apinage;0;0;
./datasets/SuffixArchivos/Mezcla//1000_2.txt;Apinage;0;0;
./datasets/SuffixArchivos/Mezcla//1000_3.txt;Apinage;0;0;
./datasets/SuffixArchivos/Mezcla//1000_4.txt;Apinage;0;0;
./datasets/SuffixArchivos/Mezcla//1000_5.txt;Apinage;0;0;
./datasets/SuffixArchivos/Mezcla//1000_6.txt;Apinage;0;0;
./datasets/SuffixArchivos/Mezcla//200.txt;Apinage;0;0;
./datasets/SuffixArchivos/Mezcla//200_2.txt;Apinage;0;0;
./datasets/SuffixArchivos/Mezcla//500.txt;Apinage;0;0;
./datasets/SuffixArchivos/Mezcla//500_2.txt;Apinage;0;0;
./datasets/SuffixArchivos/Mezcla//1000.txt;Taal;0;0.000999;
./datasets/SuffixArchivos/Mezcla//1000_2.txt;Taal;0;0.000999;
./datasets/SuffixArchivos/Mezcla//1000_3.txt;Taal;0;0.000999;
./datasets/SuffixArchivos/Mezcla//1000_4.txt;Taal;0;0.000999;
./datasets/SuffixArchivos/Mezcla//1000_5.txt;Taal;0;0.000999;
./datasets/SuffixArchivos/Mezcla//1000_6.txt;Taal;0;0.000999;
./datasets/SuffixArchivos/Mezcla//200.txt;Taal;0;0.000999;
./datasets/SuffixArchivos/Mezcla//200_2.txt;Taal;0;0.000999;
./datasets/SuffixArchivos/Mezcla//500.txt;Taal;0;0.000999;
./datasets/SuffixArchivos/Mezcla//500_2.txt;Taal;0;0.000999;
./datasets/SuffixArchivos/Mezcla//1000.txt;logology;0;0;
./datasets/SuffixArchivos/Mezcla//1000_2.txt;logology;0;0;
./datasets/SuffixArchivos/Mezcla//1000_3.txt;logology;0;0;
./datasets/SuffixArchivos/Mezcla//1000_4.txt;logology;0;0;
./datasets/SuffixArchivos/Mezcla//1000_5.txt;logology;0;0;
./datasets/SuffixArchivos/Mezcla//1000_6.txt;logology;0;0;
./datasets/SuffixArchivos/Mezcla//200.txt;logology;0;0;
./datasets/SuffixArchivos/Mezcla//200_2.txt;logology;0;0;
./datasets/SuffixArchivos/Mezcla//500.txt;logology;0;0;
./datasets/SuffixArchivos/Mezcla//500_2.txt;logology;0;0;
./datasets/SuffixArchivos/Mezcla//1000.txt;probeer;0;0;
./datasets/SuffixArchivos/Mezcla//1000_2.txt;probeer;0;0;
./datasets/SuffixArchivos/Mezcla//1000_3.txt;probeer;0;0;
./datasets/SuffixArchivos/Mezcla//1000_4.txt;probeer;0;0;
./datasets/SuffixArchivos/Mezcla//1000_5.txt;probeer;0;0;
./datasets/SuffixArchivos/Mezcla//1000_6.txt;probeer;0;0;
./datasets/SuffixArchivos/Mezcla//200.txt;probeer;0;0;
./datasets/SuffixArchivos/Mezcla//200_2.txt;probeer;0;0;
./datasets/SuffixArchivos/Mezcla//500.txt;probeer;0;0;
./datasets/SuffixArchivos/Mezcla//500_2.txt;probeer;0;0;
./datasets/SuffixArchivos/Mezcla//1000.txt;randomization;0;0;
./datasets/SuffixArchivos/Mezcla//1000_2.txt;randomization;0;0;
./datasets/SuffixArchivos/Mezcla//1000_3.txt;randomization;0;0;
./datasets/SuffixArchivos/Mezcla//1000_4.txt;randomization;0;0;
./datasets/SuffixArchivos/Mezcla//1000_5.txt;randomization;0;0;
./datasets/SuffixArchivos/Mezcla//1000_6.txt;randomization;0;0;
./datasets/SuffixArchivos/Mezcla//200.txt;randomization;0;0;
./datasets/SuffixArchivos/Mezcla//200_2.txt;randomization;0;0;
./datasets/SuffixArchivos/Mezcla//500.txt;randomization;0;0;
./datasets/SuffixArchivos/Mezcla//500_2.txt;randomization;0;0;
./datasets/SuffixArchivos/Mezcla//1000.txt;poditic;0;0;
./datasets/SuffixArchivos/Mezcla//1000_2.txt;poditic;0;0;
./datasets/SuffixArchivos/Mezcla//1000_3.txt;poditic;0;0;
./datasets/SuffixArchivos/Mezcla//1000_4.txt;poditic;0;0;
./datasets/SuffixArchivos/Mezcla//1000_5.txt;poditic;0;0;
./datasets/SuffixArchivos/Mezcla//1000_6.txt;poditic;0;0;
./datasets/SuffixArchivos/Mezcla//200.txt;poditic;0;0;
./datasets/SuffixArchivos/Mezcla//200_2.txt;poditic;0;0;
./datasets/SuffixArchivos/Mezcla//500.txt;poditic;0;0;
./datasets/SuffixArchivos/Mezcla//500_2.txt;poditic;0;0;
./datasets/SuffixArchivos/Mezcla//1000.txt;individualize;0;0;
./datasets/SuffixArchivos/Mezcla//1000_2.txt;individualize;0;0;
./datasets/SuffixArchivos/Mezcla//1000_3.txt;individualize;0;0;
./datasets/SuffixArchivos/Mezcla//1000_4.txt;individualize;0;0;
./datasets/SuffixArchivos/Mezcla//1000_5.txt;individualize;0;0;
./datasets/SuffixArchivos/Mezcla//1000_6.txt;individualize;0;0;
./datasets/SuffixArchivos/Mezcla//200.txt;individualize;0;0;
./datasets/SuffixArchivos/Mezcla//200_2.txt;individualize;0;0;
./datasets/SuffixArchivos/Mezcla//500.txt;individualize;0;0;
./datasets/SuffixArchivos/Mezcla//500_2.txt;individualize;0;0;
./datasets/SuffixArchivos/Mezcla//1000.txt;castigate;0;0;
./datasets/SuffixArchivos/Mezcla//1000_2.txt;castigate;0;0;
./datasets/SuffixArchivos/Mezcla//1000_3.txt;castigate;0;0;
./datasets/SuffixArchivos/Mezcla//1000_4.txt;castigate;0;0;
./datasets/SuffixArchivos/Mezcla//1000_5.txt;castigate;0;0;
./datasets/SuffixArchivos/Mezcla//1000_6.txt;castigate;0;0;
./datasets/SuffixArchivos/Mezcla//200.txt;castigate;0;0;
./datasets/SuffixArchivos/Mezcla//200_2.txt;castigate;0;0;
./datasets/SuffixArchivos/Mezcla//500.txt;castigate;0;0;
./datasets/SuffixArchivos/Mezcla//500_2.txt;castigate;0;0;
./datasets/SuffixArchivos/Mezcla//1000.txt;Biloculina;0;0.001;
./datasets/SuffixArchivos/Mezcla//1000_2.txt;Biloculina;0;0.001;
./datasets/SuffixArchivos/Mezcla//1000_3.txt;Biloculina;0;0.001;
./datasets/SuffixArchivos/Mezcla//1000_4.txt;Biloculina;0;0.001;
./datasets/SuffixArchivos/Mezcla//1000_5.txt;Biloculina;0;0.001;
./datasets/SuffixArchivos/Mezcla//1000_6.txt;Biloculina;0;0.001;
./datasets/SuffixArchivos/Mezcla//200.txt;Biloculina;0;0.001;
./datasets/SuffixArchivos/Mezcla//200_2.txt;Biloculina;0;0.001;
./datasets/SuffixArchivos/Mezcla//500.txt;Biloculina;0;0.001;
./datasets/SuffixArchivos/Mezcla//500_2.txt;Biloculina;0;0.001;
./datasets/SuffixArchivos/Mezcla//1000.txt;overscrub;0;0;
./datasets/SuffixArchivos/Mezcla//1000_2.txt;overscrub;0;0;
./datasets/SuffixArchivos/Mezcla//1000_3.txt;overscrub;0;0;
./datasets/SuffixArchivos/Mezcla//1000_4.txt;overscrub;0;0;
./datasets/SuffixArchivos/Mezcla//1000_5.txt;overscrub;0;0;
./datasets/SuffixArchivos/Mezcla//1000_6.txt;overscrub;0;0;
./datasets/SuffixArchivos/Mezcla//200.txt;overscrub;0;0;
./datasets/SuffixArchivos/Mezcla//200_2.txt;overscrub;0;0;
./datasets/SuffixArchivos/Mezcla//500.txt;overscrub;0;0;
./datasets/SuffixArchivos/Mezcla//500_2.txt;overscrub;0;0;
./datasets/SuffixArchivos/Mezcla//1000.txt;koolah;0;0.000999;
./datasets/SuffixArchivos/Mezcla//1000_2.txt;koolah;0;0.000999;
./datasets/SuffixArchivos/Mezcla//1000_3.txt;koolah;0;0.000999;
./datasets/SuffixArchivos/Mezcla//1000_4.txt;koolah;0;0.000999;
./datasets/SuffixArchivos/Mezcla//1000_5.txt;koolah;0;0.000999;
./datasets/SuffixArchivos/Mezcla//1000_6.txt;koolah;0;0.000999;
./datasets/SuffixArchivos/Mezcla//200.txt;koolah;0;0.000999;
./datasets/SuffixArchivos/Mezcla//200_2.txt;koolah;0;0.000999;
./datasets/SuffixArchivos/Mezcla//500.txt;koolah;0;0.000999;
./datasets/SuffixArchivos/Mezcla//500_2.txt;koolah;0;0.000999;
./datasets/SuffixArchivos/Mezcla//1000.txt;weetless;0;0;
./datasets/SuffixArchivos/Mezcla//1000_2.txt;weetless;0;0;
./datasets/SuffixArchivos/Mezcla//1000_3.txt;weetless;0;0;
./datasets/SuffixArchivos/Mezcla//1000_4.txt;weetless;0;0;
./datasets/SuffixArchivos/Mezcla//1000_5.txt;weetless;0;0;
./datasets/SuffixArchivos/Mezcla//1000_6.txt;weetless;0;0;
./datasets/SuffixArchivos/Mezcla//200.txt;weetless;0;0;
./datasets/SuffixArchivos/Mezcla//200_2.txt;weetless;0;0;
./datasets/SuffixArchivos/Mezcla//500.txt;weetless;0;0;
./datasets/SuffixArchivos/Mezcla//500_2.txt;weetless;0;0;
./datasets/SuffixArchivos/Mezcla//1000.txt;erased;0;0.001;
./datasets/SuffixArchivos/Mezcla//1000_2.txt;erased;0;0.001;
./datasets/SuffixArchivos/Mezcla//1000_3.txt;erased;0;0.001;
./datasets/SuffixArchivos/Mezcla//1000_4.txt;erased;0;0.001;
./datasets/SuffixArchivos/Mezcla//1000_5.txt;erased;0;0.001;
./datasets/SuffixArchivos/Mezcla//1000_6.txt;erased;0;0.001;
./datasets/SuffixArchivos/Mezcla//200.txt;erased;0;0.001;
./datasets/SuffixArchivos/Mezcla//200_2.txt;erased;0;0.001;
./datasets/SuffixArchivos/Mezcla//500.txt;erased;0;0.001;
./datasets/SuffixArchivos/Mezcla//500_2.txt;erased;0;0.001;
./datasets/SuffixArchivos/Mezcla//1000.txt;layery;0;0;
./datasets/SuffixArchivos/Mezcla//1000_2.txt;layery;0;0;
./datasets/SuffixArchivos/Mezcla//1000_3.txt;layery;0;0;
./datasets/SuffixArchivos/Mezcla//1000_4.txt;layery;0;0;
./datasets/SuffixArchivos/Mezcla//1000_5.txt;layery;0;0;
./datasets/SuffixArchivos/Mezcla//1000_6.txt;layery;0;0;
./datasets/SuffixArchivos/Mezcla//200.txt;layery;0;0;
./datasets/SuffixArchivos/Mezcla//200_2.txt;layery;0;0;
./datasets/SuffixArchivos/Mezcla//500.txt;layery;0;0;
./datasets/SuffixArchivos/Mezcla//500_2.txt;layery;0;0;
./datasets/SuffixArchivos/Mezcla//1000.txt;discontinuee;0;0.001;
./datasets/SuffixArchivos/Mezcla//1000_2.txt;discontinuee;0;0.001;
./datasets/SuffixArchivos/Mezcla//1000_3.txt;discontinuee;0;0.001;
./datasets/SuffixArchivos/Mezcla//1000_4.txt;discontinuee;0;0.001;
./datasets/SuffixArchivos/Mezcla//1000_5.txt;discontinuee;0;0.001;
./datasets/SuffixArchivos/Mezcla//1000_6.txt;discontinuee;0;0.001;
./datasets/SuffixArchivos/Mezcla//200.txt;discontinuee;0;0.001;
./datasets/SuffixArchivos/Mezcla//200_2.txt;discontinuee;0;0.001;
./datasets/SuffixArchivos/Mezcla//500.txt;discontinuee;0;0.001;
./datasets/SuffixArchivos/Mezcla//500_2.txt;discontinuee;0;0.001;
./datasets/SuffixArchivos/Mezcla//1000.txt;anaphylatoxin;0;0;
./datasets/SuffixArchivos/Mezcla//1000_2.txt;anaphylatoxin;0;0;
./datasets/SuffixArchivos/Mezcla//1000_3.txt;anaphylatoxin;0;0;
./datasets/SuffixArchivos/Mezcla//1000_4.txt;anaphylatoxin;0;0;
./datasets/SuffixArchivos/Mezcla//1000_5.txt;anaphylatoxin;0;0;
./datasets/SuffixArchivos/Mezcla//1000_6.txt;anaphylatoxin;0;0;
./datasets/SuffixArchivos/Mezcla//200.txt;anaphylatoxin;0;0;
./datasets/SuffixArchivos/Mezcla//200_2.txt;anaphylatoxin;0;0;
./datasets/SuffixArchivos/Mezcla//500.txt;anaphylatoxin;0;0;
./datasets/SuffixArchivos/Mezcla//500_2.txt;anaphylatoxin;0;0;
./datasets/SuffixArchivos/Mezcla//1000.txt;unwounded;0;0.000999;
./datasets/SuffixArchivos/Mezcla//1000_2.txt;unwounded;0;0.000999;
./datasets/SuffixArchivos/Mezcla//1000_3.txt;unwounded;0;0.000999;
./datasets/SuffixArchivos/Mezcla//1000_4.txt;unwounded;0;0.000999;
./datasets/SuffixArchivos/Mezcla//1000_5.txt;unwounded;0;0.000999;
./datasets/SuffixArchivos/Mezcla//1000_6.txt;unwounded;0;0.000999;
./datasets/SuffixArchivos/Mezcla//200.txt;unwounded;0;0.000999;
./datasets/SuffixArchivos/Mezcla//200_2.txt;unwounded;0;0.000999;
./datasets/SuffixArchivos/Mezcla//500.txt;unwounded;0;0.000999;
./datasets/SuffixArchivos/Mezcla//500_2.txt;unwounded;0;0.000999;
./datasets/SuffixArchivos/Mezcla//1000.txt;personalism;0;0;
./datasets/SuffixArchivos/Mezcla//1000_2.txt;personalism;0;0;
./datasets/SuffixArchivos/Mezcla//1000_3.txt;personalism;0;0;
./datasets/SuffixArchivos/Mezcla//1000_4.txt;personalism;0;0;
./datasets/SuffixArchivos/Mezcla//1000_5.txt;personalism;0;0;
./datasets/SuffixArchivos/Mezcla//1000_6.txt;personalism;0;0;
./datasets/SuffixArchivos/Mezcla//200.txt;personalism;0;0;
./datasets/SuffixArchivos/Mezcla//200_2.txt;personalism;0;0;
./datasets/SuffixArchivos/Mezcla//500.txt;personalism;0;0;
./datasets/SuffixArchivos/Mezcla//500_2.txt;personalism;0;0;
./datasets/SuffixArchivos/Mezcla//1000.txt;howitzer;0;0.000999;
./datasets/SuffixArchivos/Mezcla//1000_2.txt;howitzer;0;0.000999;
./datasets/SuffixArchivos/Mezcla//1000_3.txt;howitzer;0;0.000999;
./datasets/SuffixArchivos/Mezcla//1000_4.txt;howitzer;0;0.000999;
./datasets/SuffixArchivos/Mezcla//1000_5.txt;howitzer;0;0.000999;
./datasets/SuffixArchivos/Mezcla//1000_6.txt;howitzer;0;0.000999;
./datasets/SuffixArchivos/Mezcla//200.txt;howitzer;0;0.000999;
./datasets/SuffixArchivos/Mezcla//200_2.txt;howitzer;0;0.000999;
./datasets/SuffixArchivos/Mezcla//500.txt;howitzer;0;0.000999;
./datasets/SuffixArchivos/Mezcla//500_2.txt;howitzer;0;0.000999;
./datasets/SuffixArchivos/Mezcla//1000.txt;hexahydroxy;0;0;
./datasets/SuffixArchivos/Mezcla//1000_2.txt;hexahydroxy;0;0;
./datasets/SuffixArchivos/Mezcla//1000_3.txt;hexahydroxy;0;0;
./datasets/SuffixArchivos/Mezcla//1000_4.txt;hexahydroxy;0;0;
./datasets/SuffixArchivos/Mezcla//1000_5.txt;hexahydroxy;0;0;
./datasets/SuffixArchivos/Mezcla//1000_6.txt;hexahydroxy;0;0;
./datasets/SuffixArchivos/Mezcla//200.txt;hexahydroxy;0;0;
./datasets/SuffixArchivos/Mezcla//200_2.txt;hexahydroxy;0;0;
./datasets/SuffixArchivos/Mezcla//500.txt;hexahydroxy;0;0;
./datasets/SuffixArchivos/Mezcla//500_2.txt;hexahydroxy;0;0;
./datasets/SuffixArchivos/Mezcla//1000.txt;koku;0;0;
./datasets/SuffixArchivos/Mezcla//1000_2.txt;koku;0;0;
./datasets/SuffixArchivos/Mezcla//1000_3.txt;koku;0;0;
./datasets/SuffixArchivos/Mezcla//1000_4.txt;koku;0;0;
./datasets/SuffixArchivos/Mezcla//1000_5.txt;koku;0;0;
./datasets/SuffixArchivos/Mezcla//1000_6.txt;koku;0;0;
./datasets/SuffixArchivos/Mezcla//200.txt;koku;0;0;
./datasets/SuffixArchivos/Mezcla//200_2.txt;koku;0;0;
./datasets/SuffixArchivos/Mezcla//500.txt;koku;0;0;
./datasets/SuffixArchivos/Mezcla//500_2.txt;koku;0;0;
./datasets/SuffixArchivos/Mezcla//1000.txt;reamer;0;0;
./datasets/SuffixArchivos/Mezcla//1000_2.txt;reamer;0;0;
./datasets/SuffixArchivos/Mezcla//1000_3.txt;reamer;0;0;
./datasets/SuffixArchivos/Mezcla//1000_4.txt;reamer;0;0;
./datasets/SuffixArchivos/Mezcla//1000_5.txt;reamer;0;0;
./datasets/SuffixArchivos/Mezcla//1000_6.txt;reamer;0;0;
./datasets/SuffixArchivos/Mezcla//200.txt;reamer;0;0;
./datasets/SuffixArchivos/Mezcla//200_2.txt;reamer;0;0;
./datasets/SuffixArchivos/Mezcla//500.txt;reamer;0;0;
./datasets/SuffixArchivos/Mezcla//500_2.txt;reamer;0;0;
./datasets/SuffixArchivos/Mezcla//1000.txt;tonguiness;0;0;
./datasets/SuffixArchivos/Mezcla//1000_2.txt;tonguiness;0;0;
./datasets/SuffixArchivos/Mezcla//1000_3.txt;tonguiness;0;0;
./datasets/SuffixArchivos/Mezcla//1000_4.txt;tonguiness;0;0;
./datasets/SuffixArchivos/Mezcla//1000_5.txt;tonguiness;0;0;
./datasets/SuffixArchivos/Mezcla//1000_6.txt;tonguiness;0;0;
./datasets/SuffixArchivos/Mezcla//200.txt;tonguiness;0;0;
./datasets/SuffixArchivos/Mezcla//200_2.txt;tonguiness;0;0;
./datasets/SuffixArchivos/Mezcla//500.txt;tonguiness;0;0;
./datasets/SuffixArchivos/Mezcla//500_2.txt;tonguiness;0;0;
./datasets/SuffixArchivos/Mezcla//1000.txt;microgametocyte;0;0.000998;
./datasets/SuffixArchivos/Mezcla//1000_2.txt;microgametocyte;0;0.000998;
./datasets/SuffixArchivos/Mezcla//1000_3.txt;microgametocyte;0;0.000998;
./datasets/SuffixArchivos/Mezcla//1000_4.txt;microgametocyte;0;0.000998;
./datasets/SuffixArchivos/Mezcla//1000_5.txt;microgametocyte;0;0.000998;
./datasets/SuffixArchivos/Mezcla//1000_6.txt;microgametocyte;0;0.000998;
./datasets/SuffixArchivos/Mezcla//200.txt;microgametocyte;0;0.000998;
./datasets/SuffixArchivos/Mezcla//200_2.txt;microgametocyte;0;0.000998;
./datasets/SuffixArchivos/Mezcla//500.txt;microgametocyte;0;0.000998;
./datasets/SuffixArchivos/Mezcla//500_2.txt;microgametocyte;0;0.000998;
./datasets/SuffixArchivos/Mezcla//1000.txt;baba;0;0;
./datasets/SuffixArchivos/Mezcla//1000_2.txt;baba;0;0;
./datasets/SuffixArchivos/Mezcla//1000_3.txt;baba;0;0;
./datasets/SuffixArchivos/Mezcla//1000_4.txt;baba;0;0;
./datasets/SuffixArchivos/Mezcla//1000_5.txt;baba;0;0;
./datasets/SuffixArchivos/Mezcla//1000_6.txt;baba;0;0;
./datasets/SuffixArchivos/Mezcla//200.txt;baba;0;0;
./datasets/SuffixArchivos/Mezcla//200_2.txt;baba;0;0;
./datasets/SuffixArchivos/Mezcla//500.txt;baba;0;0;
./datasets/SuffixArchivos/Mezcla//500_2.txt;baba;0;0;
./datasets/SuffixArchivos/Mezcla//1000.txt;ludefisk;0;0.000999;
./datasets/SuffixArchivos/Mezcla//1000_2.txt;ludefisk;0;0.000999;
./datasets/SuffixArchivos/Mezcla//1000_3.txt;ludefisk;0;0.000999;
./datasets/SuffixArchivos/Mezcla//1000_4.txt;ludefisk;0;0.000999;
./datasets/SuffixArchivos/Mezcla//1000_5.txt;ludefisk;0;0.000999;
./datasets/SuffixArchivos/Mezcla//1000_6.txt;ludefisk;0;0.000999;
./datasets/SuffixArchivos/Mezcla//200.txt;ludefisk;0;0.000999;
./datasets/SuffixArchivos/Mezcla//200_2.txt;ludefisk;0;0.000999;
./datasets/SuffixArchivos/Mezcla//500.txt;ludefisk;0;0.000999;
./datasets/SuffixArchivos/Mezcla//500_2.txt;ludefisk;0;0.000999;
